0.4628871978141249
-0.09839897614675383
-0.326573619775608
0.46335932590034634
-1.742105149707742
-0.12287451908890346
1.3750867964642675
8.604236316670253E-15
0.5336694900985689
1.3488607615000193E-15
0.1404562300565274
-2.2125304112682054
2.3529866413247422
-0.8931784152192664
0.7946035821828156
0.002376188267085276
0.9827645637584365
-1.8103143620363258
0.5886125886603053
0.17076408207050617
-7.372145240001344E-17
0.12287451908889964
0.23748533594299034
1.1692202842813764
-0.43251708063356964
-0.05383551265394809
0.7699977875092433
0.4203648635937727
0.7128352462820254
0.18238045523853208
0.1772466617532839
-0.08086183315491713
-0.46288719781412246
0.12366360636752005
-0.0023761882670853495
-8.027685216790107E-17
0.11157566054138825
